


cuppose = [428.695, 358.828, 214.656, 179.86, -0.09, 89.706]
sausepose = [419.787, 174.426, 181.324, 179.86, -0.09, 89.706]
sauselidpose = [230.08, 211.965, 115.753, 179.373, 0.664, 89.547]
waterpose4 = [43.473, 281.922, 198.856, 179.374, 0.663, 89.547]
waterpose3 = [43.476, 196.261, 198.852, 179.373, 0.664, 89.548]
waterpose2 = [241.689, 196.261, 272.64, 179.373, 0.664, 89.548]
waterpose1 = [263.977, 378.515, 249.824, 179.373, 0.664, 89.548]
cupfinish = [624.337, 316.785, 165.025, 179.373, 0.664, 89.548]
sausefinish = [639.569, 318.52, 112.867, 179.372, 0.662, 89.547]
cuplidpose = [53.816, 217.07, 105.437, 179.372, 0.662, 89.547]
workpose = [267.635, 390.659, 232.367, 179.373, 0.663, 89.547]
Point1 = [307.316, 215.992, 396.212, 179.373, 0.663, 89.547]
cupworkpose = [264.386, 376.426, 242.488, 179.373, 0.668, 89.551]
sauseworkpose = [263.51, 375.364, 198.511, 179.378, 0.035, 89.551]
sauselidworkpose = [263.51, 375.364, 140.117, 179.378, 0.035, 89.551]
sausepushpose = [263.51, 375.364, 130.994, 179.378, 0.035, 89.551]
#tool8
cuppush1 = [265.791, 423.304, 51.264, 179.373, 0.668, 89.551]
cuppush2 = [265.791, 423.304, 51.264, 179.336, 5.373, 89.549]
cuppush3 = [265.791, 423.304, 41.522, 179.336, 5.373, 89.549]
cuppush4 = [265.791, 423.304, 40.429, 179.368, 1.32, 89.551]
cuppush5 = [265.791, 423.304, 40.429, 179.378, 0.023, 89.551]
cuppush6 = [265.791, 423.304, 33.598, 179.378, 0.023, 89.551]
cuppush1 = [264.915, 423.294, 45.21, 179.378, 0.033, 89.551]
cuppush2 = [264.915, 423.294, 45.21, 179.336, 5.335, 89.549]
cuppush3 = [264.915, 423.294, 38.192, 179.336, 5.335, 89.549]
cuppush4 = [264.915, 423.294, 38.192, 179.368, 1.315, 89.551]
cuppush5 = [264.915, 423.294, 38.192, 179.378, 0.036, 89.551]
cuppush6 = [264.915, 423.294, 34.398, 179.378, 0.036, 89.551]
cuppush7 = [264.915, 423.295, 39.998, 179.378, 0.035, 89.551]
cuppush8 = [264.915, 423.295, 36.234, 179.378, 0.035, 89.551]

cuplidpose = [52.648, 216.663, 102.106, 179.372, 0.663, 89.557]
cuppose = [427.14, 359.8, 原來.64, 179.372, 0.664, 89.557]
sausepose = [419.728, 177.31, 209.642, 179.372, 0.664, 89.557]
sauselidpose = [230.97, 211.082, 156.99, 179.373, 0.666, 89.557]
